id,Class_1,Class_2,Class_3,Class_4,Class_5,Class_6,Class_7,Class_8,Class_9
1,0.0006426927973219161,0.08344294638484188,0.10430962137402379,0.36742062292600286,3.2197305384363505e-05,0.059166821444302284,0.3841227092136457,0.0008104302872041801,5.195826727319069e-05
2,0.0035740239463025515,0.00019174574307220948,8.58171131175567e-05,7.236464297502918e-07,9.851955924174052e-05,0.0003252639682950793,0.0006750267455554636,0.9921978497112751,0.002851029566710425
3,0.0001905885287659452,0.0035069654752962177,0.001553908975836654,0.2940504817139348,0.0011105423965102762,0.6962875051016336,0.0021085577976041408,0.000981453718876195,0.00020999629154226098
4,0.13928677346994167,0.046748428531347384,0.002973824862585463,0.00022002996825822775,0.00012466366228237112,0.00834252317720726,0.003241845005829934,0.03576507179358514,0.7632968395289625
5,0.0007611698248087053,0.8596966904289494,0.1119497848538558,0.018026024068258702,1.775627472018916e-05,5.8732979759184474e-05,0.008136004149889818,0.00014729433636475307,0.0012065430833937175
6,9.159205293336197e-05,0.8947367967437028,0.10303727150134671,0.00030769492616242807,3.69912760485576e-05,0.0005196276905304936,6.031926468671655e-05,0.0003694518604992419,0.0008402546840899376
7,0.00015214017597854558,0.8610124385874259,0.10173256205021443,0.035468691184557984,7.697941611931882e-05,2.1911177277544367e-05,1.8813851232303945e-05,0.00012083582297169001,0.0013956277342221956
8,0.00012359072728675488,0.6305127472530969,0.35830387957827275,0.007036479819001814,0.00010666115440902464,3.511812354876383e-06,0.0005735088288190587,5.20486338668326e-05,0.0032875721928920664
9,0.00339925376776912,0.39022538707940546,0.3377130255576081,0.0845760532573644,7.58836823559364e-06,0.008598095557025875,0.17096495443239254,0.0016335932975836726,0.0028820486826153318
10,7.097476640266639e-05,0.33555510798929333,0.6501810819631935,0.009778937275832416,8.352907782400357e-06,7.451743253838836e-05,0.0002685935947050841,9.95439757145937e-05,0.0039628900945375386
11,0.01760774738904049,0.0022888069865339856,4.0463260683100705e-05,0.0008278014658630919,3.4464281554521313e-06,0.8667085814477246,0.0016925244844267562,0.002375983811871269,0.10845464472570107
12,0.0018900894174508636,0.00025880983731151074,7.183639426966812e-05,1.021128688745953e-05,5.467751555861969e-06,0.01942335724104589,0.0023364568009475455,0.9704831243654047,0.005520646905126547
13,0.00018223169402905396,0.5215911198482653,0.4635769042607448,8.655689977314614e-05,0.001187134890650287,0.0046997268220919965,0.001057382298874635,0.007392879692762291,0.00022606359280853556
14,0.013326770961064468,0.0009331095513671963,6.803778106543074e-05,2.338241164303932e-06,8.758993390171042e-05,0.0023085937394402697,0.0018558961588392784,0.9745084214159737,0.0069092422171836325
15,4.569883271988404e-05,0.03131757717276927,0.00010036757386589932,0.005859845796005843,0.9605170554186533,0.0008886200222024534,3.5416080731276395e-05,5.231625730335247e-05,0.0011831028457486405
16,0.0012122091769532137,0.018578954878840325,0.016486023759318114,0.018603973027011403,4.450406611708444e-05,0.03510233726082448,0.9083179471156366,0.0015704307840705767,8.361993122825411e-05
17,0.0001332173448224752,5.54967062223764e-05,2.685963245571135e-05,4.14591964856826e-06,2.5918508352425345e-06,0.9990223029296303,0.00024218475079590345,7.359671228640684e-05,0.00043960415330290196
18,0.00015986158984862645,0.5503698075415215,0.34918048437264354,0.06928005304954993,2.7667631726435863e-05,0.00260050601029152,0.00026190548231448327,0.0011925614489552584,0.02692715287314861
19,0.0002704866230840949,0.8454066484645893,0.13912816036900558,0.0007051067271998102,5.107430405272778e-05,8.470781357939338e-05,1.824068698055564e-05,0.0013624199428210932,0.012973155068687337
20,1.947171313783679e-05,0.7791172393307372,0.2064925567098646,0.012151222584218286,1.7417533998933225e-06,0.00011039883351743474,0.0016646197883760873,2.490806144945614e-05,0.00041784122529918145
21,0.0048830426248867975,2.263763773907586e-05,9.403306326697152e-07,0.0001730436524629687,1.1472183224049878e-05,0.9900392946992845,0.0020299852647195173,0.0021484088074704712,0.0006911747995797712
22,0.0017014625301311173,5.676099349339494e-05,4.4358549253517227e-07,4.623623460283781e-05,9.05202713043472e-07,0.9958863546209166,0.0009901273813792415,0.001057898043288402,0.0002598114079830308
23,0.0001170671017712574,0.46055409056439595,0.5269756576379435,6.190581278432803e-05,0.0010178391852879711,0.0035787116565695015,0.000776269445172007,0.006705911388147555,0.00021254720792795553
24,0.02489298618788461,0.002524141699093564,0.0001404267705723538,4.812313451731388e-06,0.0001152637082359642,0.005317768871368565,0.003732125056671617,0.9496660186109079,0.013606456781813596
25,0.0023912853353076067,1.2670093662757467e-05,4.774361969861916e-07,0.0005545484094598308,7.938008182464818e-06,0.9942653335701191,0.0011385274877547629,0.001340546389248545,0.00028867327006788915
26,0.00011538597800245773,0.7960387233311368,0.1794946998987484,0.023205625640271347,5.199724585609739e-05,1.4626437737599894e-05,1.4962937384783185e-05,6.135565077116354e-05,0.0010026228800913896
27,0.19670903721031957,0.019258799556045838,0.00026589879948745425,0.00047171110314488384,0.00015891667794085875,0.32747531500782384,0.009455933682908625,0.04670804487462013,0.39949634308770876
28,0.0019143352839374422,0.9580952833523427,0.01645875237118803,0.007185596299824345,4.7724436458350946e-05,0.007983691974229998,0.001264612438343952,0.0012207225075585896,0.005829281336116553
29,0.011306747945626779,0.0003388916827862476,0.00031544763192804055,0.00047222540212860987,2.7782385478628078e-06,0.07029727226129427,0.9082658383888859,0.006627267265976971,0.002373531182825207
30,0.00010109840198674578,0.32265560236453095,0.6009808237488995,0.07367540486579865,2.694973606358195e-06,0.00015492055716365155,0.001955286894231071,0.0001402973452751683,0.0003338708485078072
31,7.865135410248833e-05,5.7820073394558726e-05,2.0210835942823296e-05,6.270130598580554e-06,4.592780846676768e-06,0.9990142384136967,0.00033262866340151885,7.824800583894413e-05,0.0004073397421776826
32,0.00584874539196957,1.943153874690461e-05,2.7707499374341084e-05,5.3561567767355345e-05,7.498679590269446e-05,0.015776282829358144,0.009898208624259903,0.9614453763083851,0.0068556994442360185
33,0.0009165390083239715,0.21798931721813614,0.002591294069131012,0.01641925112870775,0.7184751881394188,0.038589743965983254,0.0007885460035852617,0.0010850941318605166,0.003145026334853252
34,0.000798732972301512,0.058002699026137985,0.008888700154336964,0.4208355226541844,0.08511113291529397,0.3980256937027727,0.009584567789218313,0.016593968186600496,0.002158982599153778
35,0.0021569381368032998,0.6464015976644839,0.25582350290494216,0.06746079046257035,3.578842761972107e-05,0.0015377185688034624,0.02408253607376746,0.00035955980409335236,0.0021415679569164758
36,0.0073023553373183425,9.287837699580201e-05,6.684173133065993e-06,0.00012002533807138992,5.6958778789834846e-05,0.9757226879138491,0.00639289089554996,0.00505497175123482,0.005250547435057712
37,0.003553723534573111,1.6525826017338878e-05,7.416413725343312e-07,0.00046090679119407404,1.0923400499552634e-05,0.992038310726472,0.0014478603741930288,0.0020488041098876936,0.00042220359579067093
38,0.009408786813287755,0.0004905330172085477,0.0002910589702889799,1.95218200670311e-05,1.5978031232880528e-05,0.02768034852948317,0.010173766775569424,0.9400282516630392,0.011891754379822863
39,5.1818616045343696e-05,0.9347552963090647,0.06464359017909327,0.0002270702218404794,2.5022750059851912e-06,3.6621143666400353e-06,9.557772156319911e-05,1.083067042403124e-05,0.00020965189259628903
40,0.006262078525194161,0.0002799814665712751,0.00036170003772384256,3.35485053536442e-05,0.002825076223290199,0.0017834862963125907,0.0007589274869194247,0.9467659225893308,0.04092927886930413
41,0.002181016715762324,0.7298312699967698,0.21927589104874678,0.040394000530188295,8.435265615528575e-05,0.0013276504746808125,0.003282281045056873,0.002117435933162292,0.0015061015994774164
42,0.01799833685187808,0.0005591014024211856,0.00012868433387960788,0.009124426166999784,9.19233453897804e-05,0.7892453719774731,0.004172661825918103,0.11068175614582146,0.06799773795021888
43,0.004150488636805839,0.4863715526903832,0.48774349002863476,0.0037040733214836895,3.1007523168122223e-06,0.007444654344295314,0.004455273622279306,0.0003180730569618887,0.005809293546839169
44,0.0001278295030493348,0.4649116031777145,0.5252910757257118,4.018022001468354e-05,0.000502480150439873,0.0022759585512503945,0.0009798695594811742,0.0057225805553054055,0.00014842255703298465
45,0.0032491405742093066,3.023052134314044e-05,2.324344046982566e-06,0.0006135670877737586,9.29113151885605e-06,0.9907308565242573,0.0007551067847560143,0.00393449645290727,0.0006749865791875124
46,0.00027885820594581763,0.7755210591077751,0.2049985361685474,0.013935223478393328,3.3349151106660356e-06,0.0019936213866071062,0.0019473205436083198,0.0003235028548616122,0.0009985433391506793
47,0.0011753641704747848,0.452416363154426,0.23645999450308636,0.28305917259475466,0.00014864511589039378,0.02074471389197505,0.0019700231974986546,0.0006833607951482207,0.003342362576745901
48,0.00031356145639693854,0.9415808352116176,0.053047220676832846,0.003547586909122163,1.7229603965366726e-05,1.9737028357061976e-05,0.0010036332701853538,5.034334338856631e-05,0.0004198525001339727
49,0.0001404381688076826,0.7141790128004087,0.21126124711538352,0.06441092640756355,1.278145847359788e-06,0.0028380109578227224,0.006485317762650798,0.0002059675406620962,0.0004778011008533946
50,0.00013722859612266112,5.700767795058585e-05,2.2253446155009688e-05,2.7338211553662792e-06,1.3955023204220763e-06,0.9992613925894842,0.00020228082289355388,7.577412452954394e-05,0.00023993341938857062
51,0.00014551003813633402,0.3521953889734914,0.6359602151175001,0.0020609843412456703,4.204970272078751e-05,8.62245081284583e-05,5.347537005815157e-05,0.00010045935390186155,0.009355692594817257
52,0.0009966830855229365,0.000315334130551959,0.00014939310461981045,1.1896693472828867e-06,2.063930066875726e-05,0.00026877479777210646,9.961415872360971e-05,0.9964655092472273,0.0016828625055661194
53,2.374372429169787e-05,0.9772573123651299,0.019700861222248404,0.0021549359279478316,3.8217047956343314e-05,0.0003276232772105651,0.0001088264156521633,3.349467820942369e-05,0.0003549853413536271
54,0.00194285416725664,0.7011717638392477,0.226020500008219,0.04584270853934899,1.25726635149175e-05,0.00799578884118847,0.008785774767366406,0.001493315233460303,0.0067347219403976425
55,0.0006753109989348485,0.8970248100992582,0.08372544995625994,0.015152384139153614,4.207205950213542e-06,0.0001255499284569185,0.002216410998711364,6.554227565553725e-05,0.0010103343976194416
56,0.00033820311452668027,0.555308309031245,0.42770951320634165,0.00014794421024955911,0.0015982790360505323,0.0066952394191709865,0.0017733719472243514,0.00598235670258524,0.00044678333260604505
57,5.3070740195020415e-05,3.644326972920494e-05,1.6650478009586715e-05,2.329196122741555e-06,2.4177086856104048e-06,0.9993013457691945,0.00014059678955555008,3.8869020575922364e-05,0.00040827702793188626
58,0.08294824806838723,0.006207469867302895,0.0020334414054377008,0.0011258964008971748,2.2194006239132384e-06,0.022266448582024003,0.0044238782318045435,0.007500833418250727,0.8734915646252719
59,0.07125210812335922,0.009852805620802037,0.002689566247668,0.0019662703272834542,2.745422971456715e-06,0.0305862117936908,0.006535491509763222,0.010924161067873386,0.8661906398865884
60,0.12057892796130287,0.04423937300306264,0.002264111722773712,9.743893254816935e-05,0.00020610233975905097,0.04726458645647732,0.010456572971153237,0.6948623150913974,0.08003057152152561
61,1.7819552972863364e-05,0.9501921577832563,0.04576747685455604,0.0037336850153688937,2.3325788804027633e-06,6.919888341817609e-06,5.790646310476114e-06,2.0552895375450234e-05,0.000253264784937814
62,0.0387035436881127,0.01019127543048878,0.0012448787404266304,0.0004486820637665629,3.031223365701321e-06,0.012546499657616632,0.0018460855522376253,0.022017062490744532,0.9129989411532409
63,2.1495592335609615e-05,0.15079000994294,0.8406537207007224,0.006950030223436452,1.1295172473812351e-05,2.281240931943735e-05,0.00018726214323686434,0.00012035450872158518,0.001243019306813811
64,0.0037243653871975673,0.009655590965028818,1.6015960832144156e-05,3.338491096731632e-05,1.634451166254214e-05,0.04016098966990452,0.0001459955015774506,0.0002404167861949265,0.9460068963066347
65,0.0016247190751472141,0.2675708129364915,0.3907992248055031,6.015955776532322e-05,0.006315279251323697,0.0033640593805094794,0.004882144195310244,0.3247590956206408,0.0006245051773087135
66,0.002368684891448861,0.8152348187047572,0.041789315662388596,0.0014176657138236799,0.00011377590427190963,0.004725398377669699,0.12471449329335145,0.00945745104862473,0.00017839640366389817
67,0.003966980586403573,0.03160164412155634,0.11128995031256754,0.1450826337432105,3.777588767504879e-05,0.08038732794673395,0.6250749293432893,0.0024454269561391194,0.00011333110242438325
68,0.011890811009745879,0.0009492669395794234,7.082190463434571e-05,1.8252484589840104e-06,7.775517648138176e-05,0.0020800531445524413,0.0018088085123585639,0.9765300361543511,0.0065906219098378705
69,0.0028687026269651273,2.0698246007700218e-05,2.575099790421423e-06,0.0009944478918113362,1.8545194977097252e-05,0.9894758336117986,0.00070889723953871,0.0051372341053379025,0.000773065983773209
70,8.83947613540488e-05,0.47051075632124734,0.478496058329959,0.04777175651905705,9.4383537815164e-06,0.0005181034698109267,0.0014578336711182664,0.00015929185078243662,0.0009883667228893682
71,0.00010301418247567883,0.07957974619758355,0.0005426907988909458,0.013990387284316685,0.9006913931436572,0.0031619375375492877,0.00012500104574346074,0.0001826943628201655,0.001623135446962983
72,0.004246852556688379,3.3510802433645094e-05,8.964335897125728e-07,0.00025844611718153684,1.2527924475971789e-05,0.9899828835704823,0.0021089639179360784,0.0026757754027946718,0.0006801432744177456
73,0.014852374746745611,0.0002653682919254824,3.883087018130322e-07,0.0011200503357524743,8.863552641657872e-05,0.9439312959973883,0.02781649775427585,0.009714254250679077,0.0022111347881148178
74,0.004120147338593473,9.487325344151148e-05,0.00011066916036212971,3.5500011459874356e-06,0.00018253936422117577,0.0003787613850484046,0.0004628083215878092,0.9914961332494656,0.003150517926133901
75,0.0006994792474169327,0.137285318524046,0.0025361679007138865,0.10821208629709858,0.6643545811042934,0.07997001507399402,0.0011280581501610229,0.0016651281749622815,0.0041491655273138
76,0.00013840487896983698,0.4674704190269524,0.2265108748488911,0.3035401561079641,3.165787042251109e-05,0.00016925951394570612,7.251594643784039e-05,9.587844412294178e-05,0.001970833362293534
77,0.0010112225753562993,5.750545811709364e-05,2.0495688654353862e-06,0.00025728367352836646,1.8259335669217607e-06,0.9960243100795425,0.00034539685829673835,0.0018686822891156106,0.0004317235636109843
78,0.0022296002617223343,0.21715265084359361,0.0038211773508395365,0.010843108327393203,0.7291254609948172,0.0282101894080086,0.0014037520137613812,0.0030561237879240494,0.004157937011939893
79,0.05395789881152055,0.0020502894636630175,0.0007423502616132329,6.663580499301543e-05,0.0003968211927146287,0.012546053303433466,0.030011648025242664,0.8780321136844706,0.02219618945234866
80,0.00016984563825851395,0.8934089035839617,0.010569324858039294,0.0929412322395063,0.00047100851925713363,0.000974512203236686,2.9479094138786142e-05,4.114569641138309e-05,0.001394548167190246
81,0.00443643929256749,0.6958346031426282,0.045508275042483184,0.0639398200521204,0.11216004601629449,0.05606270301899865,0.011770392540166924,0.007243596496997343,0.0030441243977432477
82,0.0507766449053853,0.01659486719084027,0.0009249756399878651,0.0001602913793378612,2.6646510600849666e-05,0.009356597377129808,0.0008349257041493765,0.004966480826445173,0.9163585704661235
83,0.001406082290721931,0.9753787834180444,0.005202335374722939,0.002206940273336228,4.5071435286975724e-05,0.005233257968086783,0.00019594130949876926,0.0006165799624487964,0.009715007967853314
84,0.009767611825115685,0.00022572868730710169,0.00024413492708324897,4.776483551828324e-05,1.3442848549210748e-05,0.051256055229227986,0.009008911714682105,0.9199797457034793,0.00945660422903699
85,0.10796313672029634,0.00020022258463361643,8.582696692564504e-05,3.2340707766537404e-06,0.000565936133569959,0.000795789914263017,0.0019576252631109186,0.8829026721339291,0.005525556212494825
86,0.0028832728271801465,0.0020010602746936513,8.703624267582103e-05,0.0032089153832074845,1.6528946122220247e-06,0.6578678212372178,0.00030620641613133653,0.000660819489180993,0.33298321523510066
87,0.018001825597362943,0.00019590109327764305,6.503502907829895e-05,4.256672203852987e-06,0.000533443578006319,0.0008177365021679087,0.001622975105860333,0.9722233210756848,0.006535505346357939
88,4.207696245479887e-05,0.6875745089891763,0.3076041549371739,0.0038426704313231056,6.5123833753504e-06,3.272091519590824e-05,0.0002053452064037579,9.103004332902944e-05,0.0006009801315677745
89,0.00427914369501171,0.5703147096847467,0.17615270876381123,0.1751103954059949,0.0001217569712881201,0.04034254186482977,0.015712850469612447,0.00824459863505765,0.009721294509647364
90,0.1105840505690904,0.01760269977027808,0.0020767797246181454,0.00047333264195287045,5.877097803147133e-06,0.0074936689581911,0.0025812225243635177,0.02294990386984258,0.83623246484386
91,0.2886389000924933,0.09961358625100661,0.001103763147247341,3.8665291340893755e-05,1.584598665735352e-05,0.008023825579706129,0.0020808061329867615,0.12122532118208604,0.4792592863364755
92,0.00015811572499413557,0.4998257011386069,0.486893878526639,6.785619563811753e-05,0.0009514918610231064,0.003856496292469899,0.0010090818150807858,0.007036331924660522,0.00020104652088751257
93,0.0024250332537015073,0.04934793109502465,0.06078444940712997,0.14687832183125143,7.439794198868791e-05,0.024358074026438036,0.7123934359327146,0.003645624960971873,9.2731550779107e-05
94,6.11562077480461e-05,0.14970159663289084,0.4043202279233752,0.24936002960956763,0.0002832928432109747,0.016182241633245973,0.1795070397457417,0.00027196583560681745,0.0003124495686127145
95,0.0017514770713520796,0.00014756292322547297,2.3627125772873246e-06,1.9416539424619808e-05,3.1531379251017445e-06,0.9920617907532033,0.0024465488796315453,0.0017419447582908993,0.001825743224369559
96,6.342052498426182e-05,0.22270717699642195,0.7552867166722131,0.009154598547696806,5.915854544674609e-05,3.669625957562151e-05,5.777962615348494e-05,0.00020239170487173477,0.012432061122636201
97,0.0011336655401720627,0.8265040270395908,0.11075899041424513,0.028277493245494046,6.284117789691347e-06,0.004186281545655922,0.02731680007724078,0.0005137644427703625,0.0013026935770412632
98,7.040741035526454e-05,0.024948704361526037,0.00012386420342507253,0.004831698863314233,0.967245327594716,0.0015732426610280978,5.596034255419835e-05,0.00031291169135855073,0.0008378828717224638
99,0.004102251780111906,0.227598764860386,0.1365587503799328,0.1325937322066395,9.677103185702128e-05,0.02903353032992879,0.4643684412358626,0.005437602497590302,0.00021015567769122923
100,0.00011781361264413207,0.7297310774564407,0.25941338931819896,0.002960086910338765,0.00019309575140974764,6.842325373067837e-06,3.075554818002127e-05,0.0001896870616411907,0.007357252015773411
101,0.0010125095492040668,0.985314258660244,0.002494836127282176,0.0029660241186368575,1.8398154053297326e-05,0.003805408953134458,0.0033351579737218554,8.417508034407273e-05,0.0009692313833792356
102,0.0017775787867002474,6.380842787418558e-05,1.3531156981524716e-06,0.00013180425215389993,1.963827103335344e-06,0.994566849487872,0.0005429484315295098,0.0024593988635708583,0.00045429480749779253
103,0.0010334812681656697,5.696124305560381e-05,2.038332686595358e-06,0.00019637516391097612,1.6567776292890515e-06,0.9953418950242091,0.00038515178806057114,0.0024925276263689593,0.0004899127759132261
104,0.0009952823353352876,1.2918478352078704e-05,4.4613657696116277e-07,0.00038149573119718947,7.973689284422775e-06,0.9907658352102157,0.0006308264179034316,0.0066657945443409266,0.0005394274567939933
105,0.0013725658090777497,0.4323907638660351,0.2378193518266349,0.2821596349772815,1.4322021062590167e-05,0.003007585813438851,0.04198099790885424,0.000574646446165751,0.0006801313314491656
106,0.14231984196465272,0.039265608692624236,0.002244757516957455,0.0009874585029491754,5.78915734404806e-05,0.3416701374644664,0.01602610618247678,0.3218482062330281,0.13557999186940473
107,4.355063243421954e-05,7.606190690852055e-05,3.645372109223162e-05,5.463673523393407e-06,3.488332048906806e-06,0.9992629215793736,0.0002482479810636012,5.356453492279848e-05,0.00027024763863276276
108,2.610415223401336e-06,0.21005649107450786,0.7828522446269285,0.006730631080344439,6.5827130670048e-07,1.938740602796752e-05,0.00014623703411222142,2.285039117529775e-05,0.0001688897003735617
109,0.022962911772358728,0.0008556894196256768,0.00011103452199672098,0.0004494748898770234,7.775529897935052e-05,0.927879391369848,0.018291262556883726,0.022334017899337175,0.007038462271093637
110,0.002072857121383701,0.023597772853604124,0.006261087008614616,0.026990340594449384,0.0009884613502534373,0.6714333124349983,0.2627178375089219,0.005688091389650371,0.0002502397381241606
111,0.005508290640870998,2.427722169876177e-05,2.2927254376315494e-06,0.00045158625632173876,2.5311332642342235e-05,0.9839260085169835,0.0015501712756929385,0.0075423413991822594,0.0009697206311696703
112,0.000880962866386602,2.276591179051538e-05,2.121469902993588e-06,9.522300118536984e-06,1.2623049254005159e-05,0.9956204222578979,0.0009215689256745718,0.0017251956174410912,0.0008048176015337814
113,0.00014107150659096123,0.010006054930116515,0.004715072023738813,9.230627909110656e-05,0.002607046147217224,0.0005618388710145905,0.0006760072236964621,0.9811600801561471,4.052286238721062e-05
114,0.00016610310273602633,0.8624750822436786,0.02909483398837267,0.10386695693543486,0.0004735665686921029,0.0002869811112605741,3.794780683882972e-05,3.719604901648175e-05,0.003561332193969922
115,0.0034254147982323256,0.42167436090881655,0.185785929897018,0.06128451179135522,3.9555726951975934e-05,0.03037560632169538,0.2932807866571588,0.00340589961259977,0.0007279342861720207
116,0.00017483542735945558,5.126021669158898e-05,1.399281105154747e-05,1.5526990455601308e-06,1.452059788672181e-06,0.9991340102963565,0.00032684439990664335,5.6333362571497454e-05,0.00023971872722876732
117,2.9910983272999797e-06,0.9664455467505685,0.032784049482169564,0.0006298092039900207,2.6747146359736998e-06,2.515971434789823e-06,2.1016845196770228e-05,2.109481476909424e-05,9.030111890787457e-05
118,0.0009336786290929563,0.7828665744483337,0.19894899111120745,0.008433795485041877,5.759445090499388e-05,8.9115486579612e-05,0.0002955744962748265,0.0003707474119953552,0.00800392848056918
119,7.597311411709577e-06,0.19966186912504377,0.7957966099774832,0.003980420957711299,1.025350152673429e-05,3.285350442515589e-06,0.00013716090182197942,3.931275427515466e-05,0.00036349012028357976
120,0.00025576268432917626,0.9638955940415336,0.03405995851497545,0.00044766722857801834,2.086966241584264e-06,2.4598527334909677e-05,0.0004900454127707893,4.5781384210142374e-05,0.0007785052400262277
121,0.14841584853246764,0.10333419488656394,0.00405969784681506,0.0001302502206544151,0.00011797781261303245,0.07065940522471625,0.19623548058820187,0.40750331872067985,0.06954382616728798
122,1.9722529633863464e-06,0.7091054442764435,0.29027096788645673,0.0005036105028282128,1.7135933349173936e-06,9.98841331614818e-07,2.0359192026827002e-05,1.963116895900941e-05,7.530228565579346e-05
123,6.720294739649303e-05,6.611242922097989e-05,2.5705214026880107e-05,4.085714137745772e-06,2.6668785366682314e-06,0.9991733422959473,0.00028880250169072955,6.176456609694691e-05,0.0003103174529462236
124,0.00013778959184814052,5.681451124329077e-05,2.167980631257025e-05,2.63734201405214e-06,1.3846702954666298e-06,0.9992587454864945,0.00020656454768959171,7.42796461802627e-05,0.00024010439792208292
125,2.919889405691233e-05,8.655029348471391e-05,4.2774511400554154e-05,8.281346848428336e-06,4.749496550185058e-06,0.9992344507380598,0.00023616939941526182,4.502875160179772e-05,0.00031279656858235937
126,0.00091218380145908,0.00013092384727021345,9.494731114705882e-06,0.0020563918259783433,3.491534303991064e-06,0.983805345634484,0.00014247940011592289,0.0009867055626998507,0.0119529836625739
127,0.0006443216804998986,0.836049152919896,0.09340101021070933,0.0591889128846196,6.644437894740453e-05,0.0032603596482004673,0.0068161048229540356,0.0004000662040976849,0.00017362725007536152
128,0.0004810639736491151,9.307148890521666e-05,3.8022187521346914e-06,5.4188386099928806e-05,6.094297210473909e-06,0.9950011575296526,0.0006778688046727787,0.0016733869672512103,0.0020093663338066298
129,0.00015559509904849875,5.369440854354395e-05,1.1589364050730439e-05,1.1990138938892848e-06,1.064099775494549e-06,0.9991962184982158,0.00031675632103942135,4.849934939563605e-05,0.00021538384603687593
130,0.007046023740437276,0.9289774999468442,0.044534133981128536,0.0034234787102979396,7.81387356872906e-05,0.0006931042081096875,0.000955084675830354,0.0027545630203482056,0.011537972981316333
131,0.00018830497494162388,0.745243232767828,0.028587761225766152,0.22385268378471582,0.00040679186162065567,0.0005107161202597418,5.5253260263141335e-05,1.7519474246763828e-05,0.0011377365303579402
132,4.756151077897199e-05,0.9888261879354558,0.006805214836909066,0.002919211826079645,3.7708707784403676e-05,0.00020020821241809614,0.0002005965112315286,5.9458554867213305e-06,0.0009573646038556941
133,0.0002457343747249634,0.9702746584133745,0.0240512166096425,0.002979486224130218,1.620911763368539e-05,0.00033540820554490714,0.00021993313351543567,0.00014074672873995718,0.0017366071926937906
134,9.073307912662084e-05,0.9347516296670136,0.03349329114487794,0.03044366875499412,7.423369361926076e-05,7.216119517741557e-05,1.4283969622594247e-05,4.446316413055734e-05,0.0010155353314377402
135,0.00013121687501518642,0.217056545660571,0.034574428615478214,0.7447739620989141,0.00011607362990581663,0.0019757517376815343,6.954452863411037e-05,1.2257747112912546e-05,0.0012902191066870158
136,0.0007124363382880537,1.9166837253611163e-05,2.555671017411752e-06,0.0007525091121408014,1.3619972833446502e-05,0.9941889643290787,0.0005101559999580677,0.0021988549006575066,0.0016017368387724023
137,0.002022748219437221,0.0001200894342953771,3.1702694512369467e-06,1.9440127001389477e-05,4.789658902189252e-06,0.9916087605118254,0.0025957927710028874,0.0017509004074530018,0.001874308600631245
138,0.011910566081042821,0.0013058863761907585,5.760496362147674e-05,0.0013136470142088603,1.0649073754010333e-05,0.44633546707419286,0.0012670724097871991,0.0008242395537850613,0.5369748674534168
139,0.0005671623571470106,5.4573622724575594e-05,1.2476054552083966e-05,1.2692851403911473e-06,1.6873462472835314e-06,0.9976977036180756,0.0008786105006614884,0.00022125551420190903,0.0005652617012495638
140,1.3987422057979657e-05,0.5142728835959246,0.4823417369999917,0.0018006562150100869,9.550223708110649e-05,2.5340506949444456e-06,6.854302469723624e-06,5.7055877639607454e-05,0.0014087892991301303
141,0.0006664348928646884,0.19375657680667568,0.2739688137691769,0.1440723430483068,8.801530833550199e-05,0.03447324094888222,0.35054645979406013,0.0019529129528739156,0.00047520247882402143
142,0.0038864326043653217,0.01983122982918095,0.001993189569220243,0.02245746334340241,0.0010443487882660627,0.9226466452273145,0.019617213778220916,0.007943834951459625,0.0005796419085700125
143,0.0006995386110881385,0.693045828015071,0.28746811626445473,0.00010987998506818963,0.0008246914431315918,0.006073061077518374,0.002691178668840809,0.008926765142224445,0.00016094079260256847
144,0.0012533477752979384,2.0477115928350064e-05,7.935200663016708e-08,0.00010598921860306002,1.8800479826672131e-06,0.9923047074046802,0.005337046850159591,0.0008586404058503785,0.00011783182949113775
145,0.004819550180430004,0.00022142873451280843,0.0002300681613002987,1.4120117353560394e-05,6.1412046985434644e-06,0.024325838026729732,0.007341919933182389,0.9575641867746081,0.005476746867184641
146,0.04044543267348931,0.007439598755492268,0.0007299481811232119,0.0005800895198331249,0.014384885021489813,0.3515004225421139,0.0057289941463502915,0.29736585979090324,0.2818247693692049
147,0.0002681862146123185,0.8516651160277302,0.1321504375738201,0.004576611003629467,4.9911937354230595e-05,0.00021724889686013595,0.00016524334279234554,0.0001584483394421748,0.010748796663758877
148,0.0021157878629808075,0.7223924110969191,0.21459692349888757,0.03743788407872528,1.8950622117220166e-05,0.002054257626418451,0.015838873009739695,0.0009915627452057843,0.004553349459006395
149,0.00015112908359974346,0.0001420368486067133,6.94823424555973e-05,8.508063087844933e-05,9.276401164740943e-06,0.9968220006132609,0.00028054691605245986,0.0001920541641613817,0.002248392999820125
150,0.0021981186490523685,1.2747924484396319e-05,7.642795206424044e-07,0.0006120659147225227,6.879134321849098e-06,0.9943206442571836,0.0009255301105598608,0.001648267694840257,0.00027498203531433143
151,0.0004153838945645265,0.0014228093299654603,0.0006189935209136253,0.0003036449875514081,1.5714557113199668e-05,0.9955073416739633,0.0008298547414363209,0.00026173988295551495,0.0006245174115367061
152,4.511708289669432e-05,3.2758950875329613e-05,2.353940314461329e-06,2.3553825035644227e-05,2.389223168484239e-06,0.9990164729112325,7.791831815512331e-05,0.00047919831531120224,0.000320237433010423
153,0.0031980399770413885,2.1735651609675974e-05,2.2297733227544203e-06,0.0009218738623733738,1.872306076781339e-05,0.9874806088596795,0.000778535683949024,0.006794709585452031,0.0007835435458043742
154,0.03640386644872915,0.06469663975505992,0.0012292227559286717,0.00031731711820620064,5.3481052996253875e-05,0.030524350775404104,0.0008364020425253203,0.041141804509515906,0.8247969155416345
155,4.647808753251494e-05,0.975608432663053,0.02211839408138115,0.0010937706519428942,7.306071941876009e-06,2.60087896730976e-05,0.00034639039077175607,7.180711873859688e-06,0.0007460385518298457
156,2.3807689123490223e-05,0.9841023751832719,0.01061900558604024,0.004494955906013422,3.083198987341734e-05,0.00012593324574252724,0.00011163018066113045,4.559394982005466e-06,0.00048690082429199785
157,8.587959429593004e-05,0.9812749789617295,0.011614868899485625,0.0050117458294054226,0.00010423398200419675,0.00023881766367514625,5.098485762566115e-05,2.404429248631183e-05,0.0015944459192921484
158,0.00012186431551914623,0.8819279880405714,0.05443079507866967,0.06228907479966748,9.453700897957127e-05,7.785081300100694e-05,4.078547422121994e-05,5.234623398907661e-05,0.0009647582353815144
159,0.05686331987876001,0.0031234139422485836,4.5637860063068775e-05,0.00030538025485601136,3.717616141695011e-06,0.8081827268418129,0.0034362770298201504,0.00284966910059587,0.1251898574757018
160,6.0434105764633384e-05,0.8791542083960602,0.08421800854645556,0.033418260534402694,1.3033766584629212e-05,0.0010088095658729378,0.0006335939330330322,9.691818741324737e-05,0.0013967329644129934
161,9.70429090062309e-05,0.4946958385123658,0.4914745946166737,4.91486768748613e-05,0.0010933064836309613,0.004698361566384963,0.0007009942210213143,0.00698346924755307,0.00020724376648902527
162,3.622976782579583e-05,0.5236069655207207,0.45737391627246676,0.01811329610759519,1.6266938493976532e-05,2.0514815491096523e-05,0.00026070639131944693,2.996051280846587e-05,0.0005421436732784592
163,0.00021776585950676475,0.8507906597124716,0.11461318026071614,0.032530465010628555,7.298674327240952e-05,1.9828713354391874e-05,2.5458144990139685e-05,0.00020122673632847035,0.0015284288187314466
164,0.004796471176783345,2.523982974208702e-05,9.236793035345249e-07,0.0001614035976959625,9.024198636663433e-06,0.9902516808846857,0.0019460717910056544,0.0021865570647805915,0.0006226277773663509
165,0.0004823141912461519,0.0001562635095827379,1.6006151699343336e-05,1.44598780738875e-05,2.8471385520879863e-06,0.9974552598393968,0.0007992834971820591,0.00024855866672292667,0.0008250071275439433
166,0.022859340606452644,0.0001772373592189159,6.130373660212191e-05,3.86198206178254e-06,0.000550991351969942,0.0007742147591590585,0.0016568445419138458,0.9678059175338436,0.0061102881287781515
167,0.0011818949814913003,0.11465190982054235,0.22931442616863926,0.12060398250758396,9.924040822383721e-05,0.023055989071283405,0.5071061233015448,0.003775421331568573,0.00021101240912238065
168,0.0005149570387778806,0.709651313512954,0.27367960576116257,0.010783053281626338,6.545484359497381e-05,9.760302420819333e-05,0.00021115781403913166,0.0008957956854270482,0.004101059038209837
169,2.257671323658252e-05,0.291843955993202,0.4585301855880791,0.24823919694777374,2.367648733100325e-05,4.498775616853788e-05,0.00018934852691436573,1.4501981537259389e-05,0.0010915700057575345
170,3.672855003022936e-05,0.9328406005693898,0.06387242594314199,0.0017075247072121714,8.82574815474867e-06,1.6935005966387204e-05,0.0001898076157855049,1.6045128215139948e-05,0.0013111067321042466
171,0.00014928623374912514,5.249838658296474e-05,1.1667263719829393e-05,1.1532251057665124e-06,1.0804260439505753e-06,0.9992050199067144,0.00031420852713952047,4.574784760447863e-05,0.0002193381833399757
172,3.8897581408318676e-05,0.980816635959656,0.0175585137612599,0.0012254151413257362,6.173096458223126e-06,3.7784843595053475e-06,0.00015683515274427217,4.378052106648796e-06,0.00018937277068116097
173,0.0005824759073252004,0.3769922175605892,0.366742758007922,0.2381767629374639,1.1826197125069204e-05,0.0014016311974886406,0.015445276397362496,0.00013404171713784433,0.0005130100775855625
174,0.0030913186738044415,0.9189651088698001,0.021966006286467627,0.01027121495967962,2.7019088747155705e-05,0.006732907453394107,0.036776680757615865,0.0017707348307094755,0.0003990090797816033
175,0.0001552751537786518,0.10930684776176904,0.0005036747451034822,0.007187435112078625,0.877754825273388,0.0028438287177537627,0.00014898639718443325,0.0002488221570109443,0.0018503046819330572
176,0.003528609572822307,0.5794302473869495,0.005048788001522476,0.01649477808847741,0.2660122678962374,0.11747703525253966,0.0044432291232955985,0.003058506350497042,0.00450653832765851
177,0.007575050089484287,0.0001595023060570965,8.675701311741117e-05,2.015434859256231e-06,0.00028780938425353625,0.0003891991586367486,0.0007822120901427954,0.9865056695431343,0.004211784980314615
178,0.0007849075197132056,3.7696651421870614e-05,1.1454780953720068e-06,0.00015542568175561618,1.4920016310618166e-06,0.9967346564929561,0.0003321093963408404,0.0015533845674698572,0.0003991822106160968
179,0.015483723133240904,0.008001326494844791,5.0388925124504156e-05,0.0001681753839157667,0.00015945857434575823,0.04405920970445013,0.00024062805038505716,0.001571805887356172,0.930265283846337
180,0.00015241496395131633,0.986412737250322,0.00782001475944506,0.004989696408289655,0.0001624145243607805,2.94016881048372e-05,0.00017045638419696605,3.725900227966904e-06,0.0002591381211015147
181,0.0006542640083915737,0.9790700484964407,0.013359265591712565,0.0004041231822298856,1.345037248263286e-05,0.0003771405461376483,0.00013712367258503198,0.0005332931083675827,0.005451291021652319
182,0.0003263053479555275,4.937720142166544e-05,3.818823659086002e-05,2.0138292865871524e-05,1.0931932371373473e-05,0.998251429433727,0.00033486716811044026,0.0002734917058347119,0.000695270681122542
183,0.00015908572626267665,0.9130950588251522,0.01976032507451668,0.06486258245435197,0.0002853450110915892,0.0002899242950173842,2.0390424940869605e-05,5.3540053621066414e-05,0.0014737481350456457
184,5.159140496271077e-05,0.9383946276313292,0.04978863162859104,0.011186968908429884,8.330297257151685e-06,1.4573423117823406e-05,1.1405626072150296e-05,3.960742207097242e-05,0.0005042636581691021
185,0.03337532033498543,0.0119555419145626,0.02414675650860808,0.003233128444924319,7.5664416290905e-06,0.19003268966662196,0.5805522242880747,0.12579891899864007,0.030897853401953848
186,0.0007909352760096374,0.6927826169062561,0.20198820458161842,0.051131853869965084,3.8842570872111314e-05,0.02611599479156235,0.007870565698436612,0.017887577358635835,0.001393408946643862
187,0.0025046661096714083,4.652089657389506e-05,0.0001714800958084907,5.367376212208029e-06,6.234420715535538e-05,0.0014999755391382923,0.001596702571740243,0.9906060649336937,0.003506878270006401
188,0.0007661566357740263,1.9024268834080454e-05,2.1382115650166208e-05,6.0142123048526996e-05,8.722830823185642e-06,0.011585568157252566,0.0011496313308745631,0.9837956622578178,0.002593710279925096
189,0.0012377249121193503,4.522056899903622e-05,2.0703296354508332e-06,0.0001848598189714329,1.3263927152920217e-06,0.9953354055427358,0.00036396548298151486,0.002421723734503298,0.0004077032173388546
190,0.0035693853989351293,0.9416653315106949,0.020967401497452114,0.004672023341741498,1.9846442199461607e-05,0.0036870721540352373,0.022671391473589257,0.00250646054828241,0.00024108763307004448
191,0.009150107532511352,0.00022202471479511698,0.0001407303515708447,4.265011212313471e-05,5.090600469085708e-06,0.05819537747490307,0.008109186196858385,0.9203386267584419,0.003796206258327176
192,0.0006171747106610285,0.0002529503473526908,2.1194726524881123e-05,0.00020512494411596428,5.748912566774132e-06,0.9953221297782696,0.0005578573346293675,0.0011636586736795708,0.001854160572200046
193,0.00013153816960933187,5.110569502496614e-05,1.2979522579791969e-05,1.4260686630402566e-06,1.3014272486364573e-06,0.9992098490284034,0.00028865997299983915,4.5785958349076735e-05,0.00025735415712183085
194,0.0002603361292326444,0.5442296208996382,0.43877914157101705,0.00014697164372270543,0.0016280383266525271,0.006451965665632293,0.001525351011273334,0.006705044892768536,0.00027352986006283595
195,2.1667337097640892e-05,0.44993807850636464,0.5407507131607021,0.008656254048917011,3.135849569054909e-05,5.544026426373016e-06,0.0001698998125454673,5.8886795047426235e-05,0.00036759781720876816
196,0.005088177405390981,2.864034040386423e-05,1.7958088715024514e-06,0.0002956195219272404,1.5493014499337446e-05,0.9884847491655238,0.0018536473350091358,0.0033514315814890724,0.0008804458268850588
197,0.0021211917987301976,3.522710401009709e-05,9.089804802407713e-07,0.00018260405864609807,2.8033326312559524e-06,0.9944715065022054,0.0010624215261906226,0.0017392667796087167,0.00038406991749745573
198,0.0022118219403114425,3.2633323441424066e-05,6.680806174213777e-07,7.581592419376895e-05,3.2108712605256974e-06,0.9946352779639932,0.0012823948236058767,0.0012255191557872423,0.0005326579167890245
199,0.002373078936829957,0.8833012632528878,0.07928407355116196,0.012433768950121457,0.0002452255614379835,0.0007254620290940678,0.0006601488626454379,0.0004631015609007401,0.020513877294920706
200,0.0004177964023450045,0.8974627542661601,0.08679475790902377,0.007898405570038191,6.269349988717818e-05,0.0007704484916128497,0.00016761698218148845,0.0005993634447581937,0.005826163433993151
201,5.69500502936694e-05,0.02042884161692234,6.05525908780114e-05,0.005342193631619371,0.972924895898129,0.000507752573469591,2.6776644771861545e-05,5.784907327040571e-05,0.0005941879206457594
202,3.151798548873227e-05,1.7840926763446064e-05,2.545412562186247e-06,1.866896481692943e-06,1.4882224747343712e-06,0.99945354291236,0.00016542934278189467,8.002846806378562e-05,0.0002457398330236215
203,0.032467539590355074,0.0002204891081369768,0.00029276156061124845,7.906450869874467e-05,0.00023228750119392503,0.01868271283759501,0.014691879521151056,0.9147193919688728,0.018613873403385203
